Webots Project File version R2022b
perspectives: 000000ff00000000fd000000020000000100000231000001f0fc0200000001fb0000001400540065007800740045006400690074006f00720100000016000001f00000009d00ffffff0000000300000500000000b8fc0100000001fb0000001a0043006f006e0073006f006c00650041006c006c0041006c006c0100000000000005000000005400ffffff000002c9000001f000000001000000020000000100000008fc00000000
simulationViewPerspectives: 000000ff000000010000000200000000000001190100000006010000000100
sceneTreePerspectives: 000000ff00000001000000030000002000000095000000fc0100000006010000000200
maximizedDockId: -1
centralWidgetVisible: 1
orthographicViewHeight: 1
textFiles: 0 "controllers/grocery_shopper/grocery_shopper.py"
consoles: Console:All:All
renderingDevicePerspectives: TIAGo Steel:camera;0;0.237037;0;0
renderingDevicePerspectives: TIAGo Steel:display;1;0.655556;0;0
